%YAML:1.0

imu0:
  T_i_b:
    - [1.0, 0.0, 0.0, 0.0]
    - [0.0, 1.0, 0.0, 0.0]
    - [0.0, 0.0, 1.0, 0.0]
    - [0.0, 0.0, 0.0, 1.0]
  accelerometer_noise_density: 0.01176  # [ m / s^2 / sqrt(Hz) ]   ( accel "white noise" )
  accelerometer_random_walk: 0.008826   # [ m / s^3 / sqrt(Hz) ].  ( accel bias diffusion )
  accelerometers:
    M:
      - [0.9791898902798188, 0.0, 0.0]
      - [-0.031153060426838654, 0.9899443364243506, 0.0]
      - [-0.016889987040879365, -0.008146537088366424, 1.0042127374825771]
  gyroscope_noise_density: 0.0009773    # [ rad / s / sqrt(Hz) ]   ( gyro "white noise" )
  gyroscope_random_walk: 0.0008679      # [ rad / s^2 / sqrt(Hz) ] ( gyro bias diffusion )
  gyroscopes:
    A:
      - [-0.0045302105772835844, 0.002250792185516312, -0.0013062255169099576]
      - [0.0020682048918520116, -0.00037454944322804493, -0.0008210398721078875]
      - [-0.0023133582097979327, -0.00027402432174404443, 0.005789603427314912]
    C_gyro_i:
      - [0.9953097718734067, 0.09625967550054551, -0.009619401532111257]
      - [-0.09583269796403163, 0.9946774995004021, 0.03785189544212581]
      - [0.013211813434990373, -0.03675250821585673, 0.9992370595237157]
    M:
      - [0.8087206430041509, 0.0, 0.0]
      - [0.022170313853976473, 0.369917641943771, 0.0]
      - [-0.08157344379093315, 0.002426793485974649, 0.6217738298308464]
  model: kalibr
  rostopic: /imu0
  time_offset: 0.0
  update_rate: 100.0
  # three different modes supported:
  # "calibrated" (same as "kalibr"), "kalibr", "rpng"
  model: "kalibr"
  # how to get from Kalibr imu.yaml result file:
  #   - Tw is imu0:gyroscopes:M:
  #   - R_IMUtoGYRO: is imu0:gyroscopes:C_gyro_i:
  #   - Ta is imu0:accelerometers:M:
  #   - R_IMUtoACC not used by Kalibr
  #   - Tg is imu0:gyroscopes:A:
  Tw:
    - [ 1.0, 0.0, 0.0 ]
    - [ 0.0, 1.0, 0.0 ]
    - [ 0.0, 0.0, 1.0 ]
  R_IMUtoGYRO:
    - [ 1.0, 0.0, 0.0 ]
    - [ 0.0, 1.0, 0.0 ]
    - [ 0.0, 0.0, 1.0 ]
  Ta:
    - [ 1.0, 0.0, 0.0 ]
    - [ 0.0, 1.0, 0.0 ]
    - [ 0.0, 0.0, 1.0 ]
  R_IMUtoACC:
    - [ 1.0, 0.0, 0.0 ]
    - [ 0.0, 1.0, 0.0 ]
    - [ 0.0, 0.0, 1.0 ]
  Tg:
    - [ 0.0, 0.0, 0.0 ]
    - [ 0.0, 0.0, 0.0 ]
    - [ 0.0, 0.0, 0.0 ]
