%YAML:1.0

cam0:
  T_cam_imu:
    - [0.02834548312619306, -0.9993813548881731, 0.020819248022487746, 0.030511008338111562]
    - [0.04865462950356497, -0.01942353598935015, -0.9986267837773736, 0.005710383214444149]
    - [0.9984133716122863, 0.029319511448003044, 0.04807396004321768, -0.13057242910844297]
    - [0.0, 0.0, 0.0, 1.0]
  cam_overlaps: [1]
  camera_model: pinhole
  distortion_coeffs: [0.10425082000994815, -0.1933040199248258, -0.01876864536151019, 6.620675054188977e-05]
  distortion_model: radtan
  intrinsics: [982.4986238195578, 991.1600963487542, 391.9315502749746, 602.0668451020132]
  resolution: [800, 1280]
  rostopic: /cam0/image_raw
  timeshift_cam_imu: -0.09898368437584278

cam1:
  T_cam_imu:
    - [0.04032371495882653, -0.9991260809367797, -0.011003290591049264, 0.12012686062352333]
    - [0.05046265514079168, 0.013034568751793374, -0.9986408866322249, 0.008628922441126244]
    - [0.9979115784717907, 0.03971365520027764, 0.050944157099442, -0.12744225150375538]
    - [0.0, 0.0, 0.0, 1.0]
  T_cn_cnm1:
    - [0.9994218914167802, 0.03235667749641024, 0.010436875887732646, 0.09081149017012859]
    - [-0.03238706894394738, 0.9994716011405073, 0.002756134765882773, 0.004269593928587179]
    - [-0.010342181690660604, -0.003092561239653529, 0.9999417359740783, 0.0034557800308841185]
    - [0.0, 0.0, 0.0, 1.0]
  cam_overlaps: [0]
  camera_model: pinhole
  distortion_coeffs: [0.03739515295117114, -0.10403672182854386, -0.015625638706561418, 0.0030160333379649767]
  distortion_model: radtan
  intrinsics: [989.5460053184254, 1002.7884587409691, 371.6195764278036, 563.3194392064507]
  resolution: [800, 1280]
  rostopic: /cam1/image_raw
  timeshift_cam_imu: -0.08682777372227846
